#Phase	Lum(erg/s)				LumErr					Temp(K)				TempErr				Radius[cm]			RadiusErr
-35.0	3.0693003503200036e+39	5.022016118841766e+39	22228.00877495297	7553.424239491144	4202265376135.834	1913744114154.2087
-22.5	2.767742770287495e+43	3.90093084407556e+43	21099.777384532943	6102.300121930626	442894826526055.0	178287920500815.6
-8.1	7.622546082269438e+43	9.743636211534548e+43	20512.277738665427	5343.753908558311	777737643979283.9	287887448901045.56
 4.5	1.9846898290715924e+44	8.879097453857266e+42	22333.642394762082	208.25295745232782	1058497189256232.0	13074747910597.27
 7.5	1.7059394327026802e+44	1.4108496062361597e+42	21058.694301780826	35.786330078743354	1103858915412261.8	2600009198951.5254
10.5	1.4473968886590835e+44	2.1233278466778443e+43	19680.953580762263	581.8569193982136	1164234693736044.8	50533342189495.516
13.5	1.295940098333854e+44	1.9710279068699977e+43	18526.671384143116	555.2061086851675	1243323647773757.5	58193982861068.01
16.5	1.093775282511886e+44	1.7723971469873122e+43	17660.865160330006	556.3449771117661	1257101976041055.5	64040288044675.96
19.5	1.0607732405889432e+44	1.2055574330790874e+43	17736.755950709627	392.97817063746635	1227408494349946.0	43662638332314.984
22.5	9.192835944333015e+43	1.1160734736348757e+42	17235.29523898973	40.37458422127832	1210159087448871.0	4671098605847.815
25.5	8.296280307861818e+43	1.0965036007014604e+43	17038.10326421233	432.2344626189992	1176431568244019.8	49812100246867.8
28.5	7.726121782642672e+43	1.5782664175500815e+43	17297.797513426805	681.5992926743312	1101413865343403.4	71563049566498.94
31.5	7.09513166666493e+43	8.810860743271565e+42	17069.05758391484	403.716623102659	1083993382755740.0	43597807093186.73
34.5	6.457759919720605e+43	1.7750636347559422e+43	16848.24294022948	881.0890273061813	1061479288534905.4	94641261565193.81
37.5	5.865199691268726e+43	4.132294770094637e+42	17294.936405974135	233.76140660598233	959964156134903.5	21683498676895.99
40.5	5.297623172129975e+43	7.209101408572701e+42	16195.863435375637	415.84641425159697	1040540346793898.6	46447262591735.91
43.5	4.661522509414369e+43	1.291193672664102e+43	15915.515252375753	820.3284513881672	1010814594090789.2	93489295415553.55
46.5	4.621958788390992e+43	5.922600689355298e+42	16153.686661389807	389.43395060854124	977011347688210.4	41222507683135.49
49.5	4.0743428635436864e+43	6.510410737629465e+42	15464.345819568724	453.896672062674	1001046137001368.2	54253391730382.05
52.5	3.9638076501963635e+43	1.67591246581449e+43	16745.280814164023	1341.5343983823989	841895429025443.4	116101050273425.28
55.5	3.923147848905985e+43	9.589006731194714e+42	16406.686289135196	751.218482756811	872541900868836.6	70614007313823.89
58.5	3.9540276346673027e+43	1.0167381855403473e+42	17157.40618220956	83.97386485208571	800896764797348.8	6676076472531.331
61.5	3.7658479403549737e+43	4.0206163226645025e+42	17518.880936622223	358.2539675110908	749647469228740.5	25718049043474.094
64.5	3.6763552481422605e+43	5.52418816191401e+42	17310.43852995544	495.9176286981149	758653068974436.9	36869092534196.24
67.5	3.574061078379981e+43	2.2678276452806963e+42	17069.4618199094	205.47780997339572	769319588954373.4	15895765309091.113
70.5	3.4062761335211334e+43	7.461785268419655e+42	17482.099986203244	730.7506045222142	715967406593263.4	50666383370770.125
73.5	3.3021054178288666e+43	2.324575841790813e+42	17452.02829733463	236.59899580722654	707368827477819.2	15876390720826.32
76.5	3.2486087898780135e+43	2.531711979701501e+42	17707.104584420325	267.1180867494104	681524471575123.5	16805956124621.217
79.5	2.689843698755769e+43	7.708612808325456e+42	16219.542706576864	868.8046946450298	739283631988119.8	70350017988083.69
82.5	3.167305477581308e+43	3.1950465628288664e+42	18235.797847535312	358.5574974920971	634447687435672.0	20038530629420.95
85.5	3.238263547935641e+43	2.8761123921021903e+42	18094.25820814223	310.1384299186913	651601332354450.1	18394935044829.64
88.5	2.917932903422721e+43	8.562336661568797e+42	16822.1465955388	928.6669131017386	715741787498171.4	69157668691566.02
91.5	3.3183975230563144e+43	4.5476867224513235e+42	19734.830267268862	536.244195638298	554414327705395.56	23139318790196.21
94.5	3.028819954608845e+43	4.5976421349099533e+42	19339.941523997117	580.4920333211784	551541664970744.6	25614917243496.918
97.5	2.992914948507512e+43	4.769023329563366e+42	19622.055170021613	621.2637592691125	532597797103458.94	25751561603219.312
100.5	2.9522971584553315e+43	4.907805535366328e+42	19889.415434672457	659.5187168510611	514834342022238.1	25795821569407.99
103.5	2.848203499362473e+43	9.836276015874553e+42	19699.223552384065	1344.266459948991	515496375614879.3	54530974677760.63
109.5	2.786198198657049e+43	5.128760965600251e+42	20531.934188903077	756.9564848420902	469306458837141.1	25851661624591.457
112.5	2.3994428497429144e+43	3.080064424657592e+42	18671.73338716114	465.4176205137713	526703075411204.6	21291836437997.72
115.5	2.6906496486591587e+43	2.0984207798682976e+42	21889.114387505022	346.9201262068238	405737442973066.2	9215019527338.473
118.5	2.567029995249271e+43	5.779998562436341e+42	21026.261426989233	956.6097100330386	429523486053759.2	28475349480905.52
121.5	2.4830156048010736e+43	6.228061092100103e+42	21153.321549661297	1074.3076554876386	417373221575489.56	30702680215064.89
124.5	2.394470053942107e+43	6.733759719784428e+42	21253.916743494992	1212.0340057699684	405990611153517.6	33388428702386.598
127.5	2.302331811660034e+43	7.265563935439752e+42	21328.038630674702	1366.2468959068328	395338718891187.0	36411277353449.79
130.5	2.2083051677833583e+43	7.787751703775051e+42	21378.47195473289	1531.3997396600919	385355982708678.2	39612610075621.38
133.5	2.1134328993771607e+43	8.268638653181855e+42	21404.94566862209	1701.5097927844786	376054813048912.0	42863713865207.586
136.5	2.0192951488535272e+43	8.680846004308135e+42	21410.581438867477	1869.942089767891	367390572808212.75	46020989930968.47
139.5	1.92702365406032e+43	8.995263102769828e+42	21396.52148252254	2028.1211632248476	359370626873531.5	48927129755745.6
142.5	2.0672575455934002e+43	1.2581820677321996e+43	22326.362326285718	2780.3954100609067	341840899612358.8	59769065690727.81
145.5	1.842544961708786e+43	1.273811826572785e+43	23026.15764760136	3267.3440241617614	303398845274481.7	59875107613768.11
148.5	1.4789167595613722e+43	1.777348777389965e+41	19242.881165036986	45.19306549582634	389302702359698.44	1458955519922.2761
151.5	1.7611848646794407e+43	6.20532843214239e+42	22384.58609762834	1621.6635248796583	313881484641700.6	31454210676446.39
154.5	1.6975078243128035e+43	5.972018840750941e+42	22186.67668844881	1601.6557331449426	313680291063374.56	31520059380110.367
157.5	1.6409045610992807e+43	5.766625456224204e+42	22004.139910856098	1583.5679452433978	313547247464464.7	31602717826729.69
160.5	1.5820317604906124e+43	5.55424568564329e+42	21808.651852168634	1564.4355096630452	313418640542191.1	31702421306188.863
163.5	1.5256489280481524e+43	5.35171968597459e+42	21616.19017274944	1545.7543010255163	313291554260467.75	31807969869045.47
166.5	1.4716562107236356e+43	5.158617472772386e+42	21426.94920560722	1527.583708769304	313160588958833.9	31917055501058.4
169.5	1.4199503234959546e+43	4.9743288616203754e+42	21241.03838994216	1509.8734235511708	313021864628318.2	32028478377282.25
172.5	1.3704229397155893e+43	4.7983658583433873e+42	21058.44031119412	1492.6090598770654	312874060723998.3	32141685788474.457
175.5	1.3229708235267658e+43	4.630267771330212e+42	20879.133647196468	1475.7760211192697	312715912824034.1	32256122796216.56
178.5	1.2774927705633987e+43	4.46961004582575e+42	20703.048753043746	1459.3599043682996	312547213842398.25	32371609820482.477
181.5	1.2338936484030315e+43	4.31599138742325e+42	20530.12656433476	1443.3465745528617	312367557635654.9	32487885325505.367
184.5	1.1920817717379124e+43	4.169040685691763e+42	20360.281397600957	1427.7224482419304	312177180252266.06	32604924555018.957
187.5	1.151971292932276e+43	4.0283922696220993e+42	20193.44230750996	1412.4642811938204	311976040069672.3	32722687986661.49
190.5	1.113479559055479e+43	3.89377917527937e+42	20029.512748026253	1397.598659026889	311764748606306.25	32840976245620.137
193.5	1.0765297358859288e+43	3.76482095926492e+42	19868.420204537266	1383.0647754538543	311543428326565.56	32960104097842.41
196.5	1.041047704262234e+43	3.641278131715872e+42	19710.064515373924	1368.8819091209475	311312926700319.75	33080044090834.22
199.5	1.0069643782106822e+43	3.522847815337037e+42	19554.365306274336	1355.0153068124746	311073698426590.4	33201047428371.68
202.5	9.742132675116462e+42	3.4092653657852046e+42	19401.21737642202	1341.4400141833344	310826888637668.6	33323577594315.777
205.5	9.427315744894527e+42	3.3003919064112056e+42	19250.516195993943	1328.2212736108208	310573725555562.94	33447334228636.016
208.5	9.12459265652463e+42	3.195912870662673e+42	19102.138179488455	1315.268072007472	310316042174110.25	33573651917603.34
211.5	8.833390539564304e+42	3.0957061765270534e+42	18955.94325705824	1302.6359433818093	310056228552710.0	33702708251622.156
214.5	8.553143460268222e+42	2.999540811864339e+42	18811.71679949846	1290.2607804867698	309798813985940.2	33836685411933.945
217.5	8.283298430941273e+42	2.9073083787097307e+42	18669.175377632895	1278.1654274932694	309550437383099.25	33977671013563.047
220.5	8.023221956950898e+42	2.8189437411636387e+42	18527.666268508117	1266.3320026262195	309328150860096.5	34132064592575.168
223.5	7.772079347312505e+42	2.734573025213647e+42	18385.681303227386	1254.750295169894	309173522714080.8	34315138712269.86
226.5	8.50686176783153e+42	6.854795605772019e+42	18585.359163082005	2918.3386221018695	316538545835524.25	79891512078451.27
229.5	7.31689716963558e+42	2.333813440686399e+42	18262.187796999682	1131.5235948919578	304058365063053.75	30524330303334.816
232.5	6.377631736746343e+42	6.560580789997091e+41	17982.228800829893	356.4817743702664	292789737875085.4	9593077374983.438
