5.830548040999984369e+04
5.830587348753731931e+04
5.830626656507478765e+04
5.830665964261226327e+04
5.830705272014973161e+04
5.830744579768720723e+04
5.830783887522468285e+04
5.830823195276215120e+04
5.830862503029962681e+04
5.830901810783709516e+04
5.830941118537457078e+04
5.830980426291203912e+04
5.831019734044951474e+04
5.831059041798699036e+04
5.831098349552445870e+04
5.831137657306193432e+04
5.831176965059940267e+04
5.831216272813687829e+04
5.831255580567435391e+04
5.831294888321182225e+04
5.831334196074929787e+04
5.831373503828676621e+04
5.831412811582424183e+04
5.831452119336171745e+04
5.831491427089918579e+04
5.831530734843666141e+04
5.831570042597412976e+04
5.831609350351160538e+04
5.831648658104907372e+04
5.831687965858654934e+04
5.831727273612402496e+04
5.831766581366149330e+04
5.831805889119896892e+04
5.831845196873643727e+04
5.831884504627391289e+04
5.831923812381138850e+04
5.831963120134885685e+04
5.832002427888633247e+04
5.832041735642380081e+04
5.832081043396127643e+04
5.832120351149875205e+04
5.832159658903622039e+04
5.832198966657369601e+04
5.832238274411116436e+04
5.832277582164863998e+04
5.832316889918610832e+04
5.832356197672358394e+04
5.832395505426105956e+04
5.832434813179852790e+04
5.832474120933600352e+04
5.832513428687347186e+04
5.832552736441094748e+04
5.832592044194842310e+04
5.832631351948589145e+04
5.832670659702336707e+04
5.832709967456083541e+04
5.832749275209831103e+04
5.832788582963578665e+04
5.832827890717325499e+04
5.832867198471073061e+04
5.832906506224819896e+04
5.832945813978567458e+04
5.832985121732314292e+04
5.833024429486061854e+04
5.833063737239809416e+04
5.833103044993556250e+04
5.833142352747303812e+04
5.833181660501050646e+04
5.833220968254798208e+04
5.833260276008545770e+04
5.833299583762292605e+04
5.833338891516040167e+04
5.833378199269787001e+04
5.833417507023534563e+04
5.833456814777281397e+04
5.833496122531028959e+04
5.833535430284776521e+04
5.833574738038523355e+04
5.833614045792270917e+04
5.833653353546017752e+04
5.833692661299765314e+04
5.833731969053512876e+04
5.833771276807259710e+04
5.833810584561007272e+04
5.833849892314754106e+04
5.833889200068501668e+04
5.833928507822249230e+04
5.833967815575996065e+04
5.834007123329743627e+04
5.834046431083490461e+04
5.834085738837238023e+04
5.834125046590984857e+04
5.834164354344732419e+04
5.834203662098479981e+04
5.834242969852226815e+04
5.834282277605974377e+04
5.834321585359721212e+04
5.834360893113468774e+04
5.834400200867216336e+04
5.834439508620963170e+04
5.834478816374710732e+04
5.834518124128457566e+04
5.834557431882205128e+04
5.834596739635952690e+04
5.834636047389699525e+04
5.834675355143447086e+04
5.834714662897193921e+04
5.834753970650941483e+04
5.834793278404688317e+04
5.834832586158435879e+04
5.834871893912183441e+04
5.834911201665930275e+04
5.834950509419677837e+04
5.834989817173424672e+04
5.835029124927172234e+04
5.835068432680919796e+04
5.835107740434666630e+04
5.835147048188414192e+04
5.835186355942161026e+04
5.835225663695908588e+04
5.835264971449656150e+04
5.835304279203402984e+04
5.835343586957150546e+04
5.835382894710897381e+04
5.835422202464644943e+04
5.835461510218391777e+04
5.835500817972139339e+04
5.835540125725886901e+04
5.835579433479633735e+04
5.835618741233381297e+04
5.835658048987128132e+04
5.835697356740875694e+04
5.835736664494623255e+04
5.835775972248370090e+04
5.835815280002117652e+04
5.835854587755864486e+04
5.835893895509612048e+04
5.835933203263359610e+04
5.835972511017106444e+04
5.836011818770854006e+04
5.836051126524600841e+04
5.836090434278348403e+04
5.836129742032095237e+04
5.836169049785842799e+04
5.836208357539590361e+04
5.836247665293337195e+04
5.836286973047084757e+04
5.836326280800831591e+04
5.836365588554579153e+04
5.836404896308326715e+04
5.836444204062073550e+04
5.836483511815821112e+04
5.836522819569567946e+04
5.836562127323315508e+04
5.836601435077063070e+04
5.836640742830809904e+04
5.836680050584557466e+04
5.836719358338304301e+04
5.836758666092051863e+04
5.836797973845798697e+04
5.836837281599546259e+04
5.836876589353293821e+04
5.836915897107040655e+04
5.836955204860788217e+04
5.836994512614535051e+04
5.837033820368282613e+04
5.837073128122030175e+04
5.837112435875777010e+04
5.837151743629524572e+04
5.837191051383271406e+04
5.837230359137018968e+04
5.837269666890766530e+04
5.837308974644513364e+04
5.837348282398260926e+04
5.837387590152007760e+04
5.837426897905755322e+04
5.837466205659502157e+04
5.837505513413249719e+04
5.837544821166997281e+04
5.837584128920744115e+04
5.837623436674491677e+04
5.837662744428238511e+04
5.837702052181986073e+04
5.837741359935733635e+04
5.837780667689480470e+04
5.837819975443228032e+04
5.837859283196974866e+04
5.837898590950722428e+04
5.837937898704469990e+04
5.837977206458216824e+04
5.838016514211964386e+04
5.838055821965711220e+04
5.838095129719458782e+04
5.838134437473205617e+04
5.838173745226953179e+04
5.838213052980700741e+04
5.838252360734447575e+04
5.838291668488195137e+04
5.838330976241941971e+04
5.838370283995689533e+04
5.838409591749437095e+04
5.838448899503183929e+04
5.838488207256931491e+04
5.838527515010678326e+04
5.838566822764425888e+04
5.838606130518172722e+04
5.838645438271920284e+04
5.838684746025667846e+04
5.838724053779414680e+04
5.838763361533162242e+04
5.838802669286909077e+04
5.838841977040656639e+04
5.838881284794404201e+04
5.838920592548151035e+04
5.838959900301898597e+04
5.838999208055645431e+04
5.839038515809392993e+04
5.839077823563140555e+04
5.839117131316887389e+04
5.839156439070634951e+04
5.839195746824381786e+04
5.839235054578129348e+04
5.839274362331876182e+04
5.839313670085623744e+04
5.839352977839371306e+04
5.839392285593118140e+04
5.839431593346865702e+04
5.839470901100612537e+04
5.839510208854360098e+04
5.839549516608107660e+04
5.839588824361854495e+04
5.839628132115602057e+04
5.839667439869348891e+04
5.839706747623096453e+04
5.839746055376844015e+04
5.839785363130590849e+04
5.839824670884338411e+04
5.839863978638085246e+04
5.839903286391832808e+04
5.839942594145579642e+04
5.839981901899327204e+04
5.840021209653074766e+04
5.840060517406821600e+04
5.840099825160569162e+04
5.840139132914315996e+04
5.840178440668063558e+04
5.840217748421811120e+04
5.840257056175557955e+04
5.840296363929305517e+04
5.840335671683052351e+04
5.840374979436799913e+04
5.840414287190547475e+04
5.840453594944294309e+04
5.840492902698041871e+04
5.840532210451788706e+04
5.840548040999984369e+04
5.840571518205536267e+04
5.840610825959283102e+04
5.840650133713030664e+04
5.840689441466778226e+04
5.840728749220525060e+04
5.840768056974272622e+04
5.840807364728019456e+04
5.840846672481767018e+04
5.840861476999986917e+04
5.840885980235514580e+04
5.840925287989261415e+04
5.840964595743008977e+04
5.841003903496755811e+04
5.841043211250503373e+04
5.841082519004250935e+04
5.841121826757997769e+04
5.841161134511745331e+04
5.841200442265492165e+04
5.841239750019239727e+04
5.841279057772986562e+04
5.841318365526734124e+04
5.841357673280481686e+04
5.841396981034228520e+04
5.841436288787976082e+04
5.841475596541722916e+04
5.841514904295470478e+04
5.841554212049218040e+04
5.841593519802964875e+04
5.841632827556712436e+04
5.841672135310459271e+04
5.841711443064206833e+04
5.841750750817954395e+04
5.841790058571701229e+04
5.841829366325448791e+04
5.841868674079195625e+04
5.841907981832943187e+04
5.841947289586690022e+04
5.841986597340437584e+04
5.842025905094185146e+04
5.842048647999996319e+04
5.842065212847931980e+04
5.842104520601679542e+04
5.842143828355426376e+04
5.842183136109173938e+04
5.842222443862921500e+04
5.842261751616668334e+04
5.842301059370415896e+04
5.842340367124162731e+04
5.842379674877910293e+04
5.842418982631657855e+04
5.842458290385404689e+04
5.842497598139152251e+04
5.842536905892899085e+04
5.842576213646646647e+04
5.842615521400393482e+04
5.842654829154141044e+04
5.842694136907888605e+04
5.842733444661635440e+04
5.842772752415383002e+04
5.842812060169129836e+04
5.842851367922877398e+04
5.842864479333333293e+04
5.842890675676624960e+04
5.842929983430371794e+04
5.842969291184119356e+04
5.843008598937866191e+04
5.843047906691613753e+04
5.843087214445361315e+04
5.843126522199108149e+04
5.843162262666675815e+04
5.843165829952855711e+04
5.843205137706602545e+04
5.843223836534237489e+04
5.843223980147344992e+04
5.843224077789951116e+04
5.843224316108552739e+04
5.843224552658665925e+04
5.843224655849626288e+04
5.843235273666664580e+04
5.843244445460350107e+04
5.843283753214096942e+04
5.843323060967844503e+04
5.843350614333339036e+04
5.843362368721592065e+04
5.843401676475338900e+04
5.843440984229086462e+04
5.843464460666663945e+04
5.843469686535419896e+04
5.843469830416701734e+04
5.843469927989039570e+04
5.843472191301360726e+04
5.843472427679086104e+04
5.843473178345290944e+04
5.843480291982833296e+04
5.843519599736580858e+04
5.843558907490328420e+04
5.843598215244075254e+04
5.843610269166660873e+04
5.843637522997822816e+04
5.843641662049386650e+04
5.843641801733523607e+04
5.843641863487241790e+04
5.843641994790453464e+04
5.843642212582053617e+04
5.843642369660688564e+04
5.843664547333338851e+04
5.843676830751569651e+04
5.843716138505317213e+04
5.843750871333340183e+04
5.843755446259064047e+04
5.843794754012811609e+04
5.843834061766559171e+04
5.843850918000005186e+04
5.843873369520306005e+04
5.843912677274053567e+04
5.843947406333343679e+04
5.843951985027800401e+04
5.843960426583606750e+04
5.843960576049191877e+04
5.843960643000109121e+04
5.843960793119342998e+04
5.843961026157811284e+04
5.843961243815347552e+04
5.843991292781547963e+04
5.844030600535295525e+04
5.844049112166658597e+04
5.844056757508357987e+04
5.844056918179756030e+04
5.844057000658474863e+04
5.844057238319562748e+04
5.844057477927953005e+04
5.844057816775236279e+04
5.844069908289042360e+04
5.844108789062500000e+04
5.844109216042789922e+04
5.844109375000000000e+04
5.844109765625000000e+04
5.844148398833326064e+04
5.844148523796536756e+04
5.844164667999977246e+04
5.844187831550284318e+04
5.844214816499990411e+04
5.844227139304031880e+04
5.844229101562500000e+04
5.844229687500000000e+04
5.844230078125000000e+04
5.844251182333348697e+04
5.844259810090949759e+04
5.844259958554664627e+04
5.844260024988418445e+04
5.844260172885749489e+04
5.844260403006430715e+04
5.844260614349413663e+04
5.844266447057778714e+04
5.844305754811526276e+04
5.844337321000010706e+04
5.844345062565273111e+04
5.844346679687500000e+04
5.844347460937500000e+04
5.844348242187500000e+04
5.844355935362912714e+04
5.844356032052217051e+04
5.844356083200778812e+04
5.844356227158661932e+04
5.844356370848417282e+04
5.844356590063869953e+04
5.844365017999988049e+04
5.844384370319020672e+04
5.844423678072767507e+04
5.844451308666666591e+04
5.844462985826515069e+04
5.844502293580262631e+04
5.844541601334009465e+04
5.844547653703158721e+04
5.844547790348343551e+04
5.844547861315310001e+04
5.844548064792202786e+04
5.844548267215630040e+04
5.844548549895873293e+04
5.844565112000005320e+04
5.844580909087757027e+04
5.844607617187500000e+04
5.844608203125000000e+04
5.844608593750000000e+04
5.844620216841503861e+04
5.844644233106821775e+04
5.844644393740175292e+04
5.844644475229270756e+04
5.844644705707440153e+04
5.844644945750012994e+04
5.844645290656434372e+04
5.844659524595251423e+04
5.844698832348998985e+04
5.844738140102745820e+04
5.844777447856493382e+04
5.844816755610240216e+04
5.844856063363987778e+04
5.844895371117735340e+04
5.844933203125000000e+04
5.844933593750000000e+04
5.844933984375000000e+04
5.844934678871482174e+04
5.844942576000001281e+04
5.844944013949297369e+04
5.844944128024065867e+04
5.844944182901363820e+04
5.844944320934172720e+04
5.844944494900573045e+04
5.844944698696723208e+04
5.844973986625229736e+04
5.845013294378976570e+04
5.845052602132724132e+04
5.845091909886470967e+04
5.845131217640218529e+04
5.845170525393966091e+04
5.845209833147712925e+04
5.845249140901460487e+04
5.845288448655207321e+04
5.845303776041666424e+04
5.845304492187500000e+04
5.845305859375000000e+04
5.845327756408954883e+04
5.845367064162702445e+04
5.845388045345013961e+04
5.845388187634712085e+04
5.845388263205112889e+04
5.845388488977681845e+04
5.845388697977457196e+04
5.845389023244241253e+04
5.845406371916449280e+04
5.845445679670196841e+04
5.845484987423943676e+04
5.845502148437500000e+04
5.845503515625000000e+04
5.845503906250000000e+04
5.845524295177691238e+04
5.845563602931438800e+04
5.845573678089631721e+04
5.845573844443308190e+04
5.845573927394533530e+04
5.845574154278077185e+04
5.845574404893955216e+04
5.845574747559381649e+04
5.845602910685185634e+04
5.845642218438933196e+04
5.845681526192680030e+04
5.845720833946427592e+04
5.845760141700174427e+04
5.845799449453921989e+04
5.845838757207669551e+04
5.845856583093665540e+04
5.845856735150795430e+04
5.845856798615632579e+04
5.845856919971341267e+04
5.845857160550262779e+04
5.845857308402843773e+04
5.845872851562500000e+04
5.845873046875000000e+04
5.845873437500000000e+04
5.845878064961416385e+04
5.845917372715163947e+04
5.845956680468910781e+04
5.845995988222658343e+04
5.846035295976405905e+04
5.846074603730152739e+04
5.846113911483900301e+04
5.846153219237647136e+04
5.846175871074432507e+04
5.846175968950754032e+04
5.846176020335545763e+04
5.846176166445063427e+04
5.846176311609661207e+04
5.846176525525702164e+04
5.846192526991394698e+04
5.846231834745142260e+04
5.846271142498889094e+04
5.846310450252636656e+04
5.846349758006383490e+04
5.846389065760131052e+04
5.846428373513877887e+04
5.846430664062500000e+04
5.846431250000000000e+04
5.846431640625000000e+04
5.846440228853328153e+04
5.846440343643119559e+04
5.846440410000225529e+04
5.846440626955404878e+04
5.846440791351022199e+04
5.846441132969316095e+04
5.846447460937500000e+04
5.846448242187500000e+04
5.846467681267625449e+04
5.846506989021373010e+04
5.846546296775119845e+04
5.846552148437500000e+04
5.846552929687500000e+04
5.846553710937500000e+04
5.846585604528867407e+04
5.846624912282614241e+04
5.846664220036361803e+04
5.846703527790109365e+04
5.846742835543856199e+04
5.846763379221037030e+04
5.846763493251847103e+04
5.846763543978985399e+04
5.846763650107011199e+04
5.846763829174824059e+04
5.846763967533223331e+04
5.846782143297603761e+04
5.846821451051350596e+04
5.846824023437500000e+04
5.846824609375000000e+04
5.846825000000000000e+04
5.846860758805098158e+04
5.846900066558845720e+04
5.846939374312592554e+04
5.846978682066340116e+04
5.847017989820086950e+04
5.847057297573834512e+04
5.847096605327581347e+04
5.847135913081328908e+04
5.847175220835076470e+04
5.847214528588823305e+04
5.847225585937500000e+04
5.847226171875000000e+04
5.847226562500000000e+04
5.847253836342570867e+04
5.847293144096317701e+04
5.847332451850065263e+04
5.847371759603812825e+04
5.847411067357559659e+04
5.847450375111307221e+04
5.847489682865054056e+04
5.847528990618801618e+04
5.847568298372549179e+04
5.847579648348595947e+04
5.847579830287955701e+04
5.847579911030037329e+04
5.847580095518613234e+04
5.847580378479789943e+04
5.847580621299799532e+04
5.847606445312500000e+04
5.847607031250000000e+04
5.847607421875000000e+04
5.847607606126296014e+04
5.847646913880043576e+04
5.847651562500000000e+04
5.847652148437500000e+04
5.847652929687500000e+04
5.847686221633790410e+04
5.847725529387537972e+04
5.847764837141284806e+04
5.847804144895032368e+04
5.847843452648779930e+04
5.847882760402526765e+04
5.847922068156274327e+04
5.847961375910021161e+04
5.848000683663768723e+04
5.848039991417516285e+04
5.848079299171263119e+04
5.848118606925010681e+04
5.848132226562500000e+04
5.848133007812500000e+04
5.848133789062500000e+04
5.848155170571105555e+04
5.848155252089165151e+04
5.848155294982157648e+04
5.848155411549331620e+04
5.848155532177165151e+04
5.848155694261519238e+04
5.848157914678757516e+04
5.848197222432505077e+04
5.848236530186252639e+04
5.848275837939999474e+04
5.848315145693747036e+04
5.848354453447493870e+04
5.848393761201241432e+04
5.848429882812500000e+04
5.848430273437500000e+04
5.848430664062500000e+04
5.848433068954988266e+04
5.848470391390798613e+04
5.848470555834658444e+04
5.848470636059530079e+04
5.848470852950867265e+04
5.848471102040726691e+04
5.848471408165851608e+04
5.848472376708735828e+04
5.848511684462483390e+04
5.848526757812500000e+04
5.848527734375000000e+04
5.848550992216230225e+04
5.848590299969977787e+04
5.848629607723724621e+04
5.848668915477472183e+04
5.848708223231219745e+04
5.848747530984966579e+04
5.848772634282708168e+04
5.848772780952090397e+04
5.848772854281403124e+04
5.848773057298595086e+04
5.848773277816502377e+04
5.848773570450628176e+04
5.848786838738714141e+04
5.848826146492460975e+04
5.848833007812500000e+04
5.848833593750000000e+04
5.848833984375000000e+04
5.848865454246208537e+04
5.848904761999956099e+04
5.848944069753702934e+04
5.848983377507450496e+04
5.849022685261197330e+04
5.849046970085473731e+04
5.849047091113217175e+04
5.849047167028347030e+04
5.849047437290148810e+04
5.849047602892434224e+04
5.849047997900284827e+04
5.849061993014944892e+04
5.849101300768691726e+04
5.849140608522439288e+04
5.849179916276186850e+04
5.849216796875000000e+04
5.849217187500000000e+04
5.849217578125000000e+04
5.849219224029933685e+04
5.849258531783681246e+04
5.849297839537428081e+04
5.849323242187500000e+04
5.849323632812500000e+04
5.849337147291175643e+04
5.849363273071125150e+04
5.849363376694219187e+04
5.849363429668825120e+04
5.849363572228420526e+04
5.849363727647019550e+04
5.849363934437604621e+04
5.849376455044923205e+04
5.849415762798670039e+04
5.849455070552417601e+04
5.849494378306164435e+04
5.849533686059911997e+04
5.849572993813658832e+04
5.849612301567406394e+04
5.849651609321153956e+04
5.849672038316586986e+04
5.849672145036142319e+04
5.849672199083399028e+04
5.849672348659858108e+04
5.849672508356254548e+04
5.849672724289866164e+04
5.849690917074900790e+04
5.849730224828648352e+04
5.849769532582395186e+04
5.849808840336142748e+04
5.849835742187500000e+04
5.849836132812500000e+04
5.849836523437500000e+04
5.849848148089890310e+04
5.849887455843637144e+04
5.849926763597384706e+04
5.849943854842893779e+04
5.849944007182214409e+04
5.849944085057545453e+04
5.849944306539557874e+04
5.849944534233957529e+04
5.849944842268154025e+04
5.849966071351131541e+04
5.850005379104879103e+04
5.850044686858626665e+04
5.850083994612373499e+04
5.850123302366121061e+04
5.850162610119867895e+04
5.850201917873615457e+04
5.850206840894883499e+04
5.850206957471650094e+04
5.850207016907678917e+04
5.850207182663213462e+04
5.850207356572151184e+04
5.850207602520659566e+04
5.850241225627362292e+04
5.850280533381109854e+04
5.850319841134857415e+04
5.850359148888604250e+04
5.850398456642351812e+04
5.850437764396098646e+04
5.850438281250000000e+04
5.850439062500000000e+04
5.850474414062500000e+04
5.850475000000000000e+04
5.850477072149846208e+04
5.850516379903593770e+04
5.850555687657340604e+04
5.850594995411088166e+04
5.850634303164835001e+04
5.850673610918582563e+04
5.850712918672330125e+04
5.850752226426076959e+04
5.850791534179824521e+04
5.850830841933571355e+04
5.850870149687318917e+04
5.850909457441065751e+04
5.850948765194813313e+04
5.850988072948560875e+04
5.851027380702307710e+04
5.851041992187500000e+04
5.851042187500000000e+04
5.851042773437500000e+04
5.851066688456055272e+04
5.851105996209802106e+04
5.851145303963549668e+04
5.851184611717297230e+04
5.851223919471044064e+04
5.851263227224791626e+04
5.851302534978538461e+04
5.851336020131548867e+04
5.851336121009336784e+04
5.851336183401476592e+04
5.851336400810023770e+04
5.851341842732286023e+04
5.851362419401900843e+04
5.851362781164143234e+04
5.851381150486033584e+04
5.851420458239780419e+04
5.851459765993527981e+04
5.851499073747274815e+04
5.851538381501022377e+04
5.851577689254769211e+04
5.851616997008516773e+04
5.851656304762264335e+04
5.851667968750000000e+04
5.851668750000000000e+04
5.851669140625000000e+04
5.851695612516011170e+04
5.851734920269758732e+04
5.851774228023505566e+04
5.851813535777253128e+04
5.851852843531000690e+04
5.851862752329465002e+04
5.851862856571050361e+04
5.851862903767405078e+04
5.851863004181021824e+04
5.851863166597345844e+04
5.851863293195003644e+04
5.851892151284747524e+04
5.851931459038495086e+04
5.851970766792241920e+04
5.852010074545989482e+04
5.852049382299737044e+04
5.852088690053483879e+04
5.852127997807231441e+04
5.852150390625000000e+04
5.852150781250000000e+04
5.852151171875000000e+04
5.852167305560978275e+04
5.852172888788022101e+04
5.852172963398601860e+04
5.852173003035364673e+04
5.852173112240806222e+04
5.852173222327372059e+04
5.852173374796193093e+04
5.852206613314725837e+04
5.852245921068472671e+04
5.852285228822220233e+04
5.852324536575967795e+04
5.852363844329714630e+04
5.852403152083462192e+04
5.852442459837209026e+04
5.852481767590956588e+04
5.852521075344704150e+04
5.852540815540682524e+04
5.852540915128309280e+04
5.852540965108433738e+04
5.852541097918478772e+04
5.852541248037666082e+04
5.852541417592158541e+04
5.852548437500000000e+04
5.852548828125000000e+04
5.852549218750000000e+04
5.852560383098450984e+04
5.852569335937500000e+04
5.852569726562500000e+04
5.852570312500000000e+04
5.852599690852198546e+04
5.852622265625000000e+04
5.852622656250000000e+04
5.852638998605945380e+04
5.852678306359692942e+04
5.852717614113440504e+04
5.852756921867187339e+04
5.852796229620934901e+04
5.852835537374681735e+04
5.852874845128429297e+04
5.852914152882176131e+04
5.852953460635923693e+04
5.852992768389671255e+04
5.853032076143418089e+04
5.853071383897165651e+04
5.853110691650912486e+04
5.853149999404660048e+04
5.853189307158407610e+04
5.853217382812500000e+04
5.853217773437500000e+04
5.853217968750000000e+04
5.853228614912154444e+04
5.853267922665902006e+04
5.853307230419648840e+04
5.853346538173396402e+04
5.853385845927143964e+04
5.853425153680890799e+04
5.853464461434638361e+04
5.853503769188385195e+04
5.853543076942132757e+04
5.853582384695879591e+04
5.853621692449627153e+04
5.853661000203374715e+04
5.853699675384163857e+04
5.853699768511019647e+04
5.853699817399354652e+04
5.853699951939657331e+04
5.853700089876679704e+04
5.853700277781067416e+04
5.853700307957121549e+04
5.853739615710869111e+04
5.853778923464615946e+04
5.853798242187500000e+04
5.853798632812500000e+04
5.853798828125000000e+04
5.853818231218363508e+04
5.853857538972111070e+04
5.853896846725857904e+04
5.853936154479605466e+04
5.853975462233352300e+04
5.854014769987099862e+04
5.854054077740847424e+04
5.854093385494594258e+04
5.854104570525791496e+04
5.854104777563223615e+04
5.854104884125385433e+04
5.854105193526018411e+04
5.854105502154072747e+04
5.854105936090042815e+04
5.854132693248341820e+04
5.854172001002088655e+04
5.854211308755836217e+04
5.854250616509583051e+04
5.854289924263330613e+04
5.854329232017078175e+04
5.854351171875000000e+04
5.854351562500000000e+04
5.854351953125000000e+04
5.854368539770825009e+04
5.854407847524572571e+04
5.854447155278319406e+04
5.854486463032066968e+04
5.854525770785814530e+04
5.854565078539561364e+04
5.854566337543539703e+04
5.854566521141678095e+04
5.854566600779164582e+04
5.854566770678432658e+04
5.854567059488035738e+04
5.854567286243848503e+04
5.854604386293308926e+04
5.854643694047055760e+04
5.854683001800803322e+04
5.854722309554550156e+04
5.854730859375000000e+04
5.854731250000000000e+04
5.854731640625000000e+04
5.854761617308297718e+04
5.854800925062045280e+04
5.854840232815792115e+04
5.854879540569539677e+04
5.854918848323286511e+04
5.854924023437500000e+04
5.854924414062500000e+04
5.854924804687500000e+04
5.854958156077034073e+04
5.854984394323034212e+04
5.854984550855914131e+04
5.854984631706494838e+04
5.854984864732204005e+04
5.854985097464174032e+04
5.854985428260173649e+04
5.854997463830781635e+04
5.855036771584528469e+04
5.855076079338276031e+04
5.855115387092022866e+04
5.855154694845770427e+04
5.855194002599517989e+04
5.855233310353264824e+04
5.855272618107012386e+04
5.855311925860759220e+04
5.855351233614506782e+04
5.855390541368253616e+04
5.855429849122001178e+04
5.855469156875748740e+04
5.855508464629495575e+04
5.855547772383243137e+04
5.855587080136989971e+04
5.855591992187500000e+04
5.855592187500000000e+04
5.855592578125000000e+04
5.855626387890737533e+04
5.855665695644485095e+04
5.855705003398231929e+04
5.855744311151979491e+04
5.855783618905726325e+04
5.855822926659473887e+04
5.855862234413221449e+04
5.855901542166968284e+04
5.855933593750000000e+04
5.855933984375000000e+04
5.855934375000000000e+04
5.855940849920715846e+04
5.855980157674462680e+04
5.856019465428210242e+04
5.856058773181957076e+04
5.856098080935704638e+04
5.856137388689452200e+04
5.856176696443199035e+04
5.856216004196946596e+04
5.856255311950693431e+04
5.856294619704440993e+04
5.856318945312500000e+04
5.856319531250000000e+04
5.856319726562500000e+04
5.856333927458188555e+04
5.856373235211935389e+04
5.856412542965682951e+04
5.856451850719429785e+04
5.856491158473177347e+04
5.856530466226924909e+04
5.856569773980671744e+04
5.856609081734419306e+04
5.856648389488166140e+04
5.856687697241913702e+04
5.856727004995660536e+04
5.856766312749408098e+04
5.856805620503155660e+04
5.856844928256902494e+04
5.856884236010650056e+04
5.856917968750000000e+04
5.856918359375000000e+04
5.856918750000000000e+04
5.856923543764396891e+04
5.856962851518144453e+04
5.857002159271892015e+04
5.857041467025638849e+04
5.857080774779386411e+04
5.857120082533133245e+04
5.857159390286880807e+04
5.857198698040628369e+04
5.857238005794375204e+04
5.857277313548122765e+04
5.857316621301869600e+04
5.857355929055617162e+04
5.857395236809363996e+04
5.857413085937500000e+04
5.857413476562500000e+04
5.857413671875000000e+04
5.857434544563111558e+04
5.857473852316859120e+04
5.857487109375000000e+04
5.857487500000000000e+04
5.857487890625000000e+04
5.857513160070605954e+04
5.857552467824353516e+04
5.857591775578100351e+04
5.857631083331847913e+04
5.857670391085595475e+04
5.857709698839342309e+04
5.857726953125000000e+04
5.857727343750000000e+04
5.857727734375000000e+04
5.857749006593089871e+04
5.857788314346836705e+04
5.857827622100584267e+04
5.857866929854331829e+04
5.857906237608078663e+04
5.857915858041821048e+04
5.857915945503907278e+04
5.857915989890974015e+04
5.857916108130989596e+04
5.857916389221511781e+04
5.857945545361826225e+04
5.857984853115573060e+04
5.858024160869320622e+04
5.858063468623067456e+04
5.858102776376815018e+04
5.858113867187500000e+04
5.858114062500000000e+04
5.858114453125000000e+04
5.858142084130562580e+04
5.858162811241811141e+04
5.858162931810412556e+04
5.858162988239200786e+04
5.858163123443536460e+04
5.858163496557995677e+04
5.858181391884309414e+04
5.858220699638056976e+04
5.858260007391803811e+04
5.858299315145551373e+04
5.858338622899298934e+04
5.858377930653045769e+04
5.858416015625000000e+04
5.858416406250000000e+04
5.858417238406793331e+04
5.858427550844522193e+04
5.858427637662459165e+04
5.858427855734992772e+04
5.858428208871418610e+04
5.858456546160540165e+04
5.858495853914287727e+04
5.858535161668035289e+04
5.858574469421782123e+04
5.858613777175529685e+04
5.858650976562500000e+04
5.858651562500000000e+04
5.858651953125000000e+04
5.858653084929276520e+04
5.858692392683024082e+04
5.858731700436770916e+04
5.858771008190518478e+04
5.858810315944266040e+04
5.858849623698012874e+04
5.858888931451760436e+04
5.858928239205507271e+04
5.858967546959254832e+04
5.859006854713002394e+04
5.859046162466749229e+04
5.859085470220496791e+04
5.859124777974243625e+04
5.859164085727991187e+04
5.859203393481738749e+04
5.859242701235485583e+04
5.859282008989233145e+04
5.859311718750000000e+04
5.859312109375000000e+04
5.859312500000000000e+04
5.859321316742979980e+04
5.859360624496727542e+04
5.859399932250474376e+04
5.859427343750000000e+04
5.859427734375000000e+04
5.859428125000000000e+04
5.859439240004221938e+04
5.859478547757969500e+04
5.859517855511716334e+04
5.859557163265463896e+04
5.859596471019210730e+04
5.859635778772958292e+04
5.859675086526705854e+04
5.859714394280452689e+04
5.859753702034200251e+04
5.859793009787947085e+04
5.859832317541694647e+04
5.859871625295441481e+04
5.859908398437500000e+04
5.859908984375000000e+04
5.859909179687500000e+04
5.859910933049189043e+04
5.859920312500000000e+04
5.859920703125000000e+04
5.859921093750000000e+04
5.859950240802936605e+04
5.859989548556683440e+04
5.860028856310431001e+04
5.860068164064177836e+04
5.860107471817925398e+04
5.860121875000000000e+04
5.860122265625000000e+04
5.860122656250000000e+04
5.860146779571672960e+04
5.860186087325419794e+04
5.860225395079167356e+04
5.860264702832914190e+04
5.860304010586661752e+04
5.860323828125000000e+04
5.860324218750000000e+04
5.860324609375000000e+04
5.860343318340409314e+04
5.860382626094156149e+04
5.860421933847903711e+04
5.860423437500000000e+04
5.860423828125000000e+04
5.860424218750000000e+04
5.860461241601650545e+04
5.860500549355398107e+04
5.860507421875000000e+04
5.860508203125000000e+04
5.860539857109144941e+04
5.860579164862892503e+04
5.860618472616640065e+04
5.860627343750000000e+04
5.860627734375000000e+04
5.860628125000000000e+04
5.860657780370386899e+04
5.860697088124134461e+04
5.860736395877881296e+04
5.860775703631628858e+04
5.860815011385376420e+04
5.860854319139123254e+04
5.860893626892870816e+04
5.860932934646617650e+04
5.860972242400365212e+04
5.861011550154112774e+04
5.861050857907859609e+04
5.861090165661607170e+04
5.861129473415354005e+04
5.861168781169101567e+04
5.861208088922848401e+04
5.861247396676595963e+04
5.861286704430343525e+04
5.861326012184090359e+04
5.861365319937837921e+04
5.861404627691584756e+04
5.861443935445332318e+04
5.861483243199079880e+04
5.861522550952826714e+04
5.861561858706574276e+04
5.861601166460321110e+04
5.861640474214068672e+04
5.861679781967816234e+04
5.861719089721563068e+04
5.861758397475310630e+04
5.861779296875000000e+04
5.861779687500000000e+04
5.861780078125000000e+04
5.861797705229057465e+04
5.861817578125000000e+04
5.861817968750000000e+04
5.861818359375000000e+04
5.861837012982805027e+04
5.861876320736551861e+04
5.861915628490299423e+04
5.861954936244046985e+04
5.861994243997793819e+04
5.862033551751541381e+04
5.862072859505288216e+04
5.862112167259035778e+04
5.862151475012783339e+04
5.862190782766530174e+04
5.862230090520277736e+04
5.862269398274024570e+04
5.862308706027772132e+04
5.862348013781519694e+04
5.862387321535266528e+04
5.862426629289014090e+04
5.862465937042760925e+04
5.862505244796508487e+04
5.862519531250000000e+04
5.862519921875000000e+04
5.862520312500000000e+04
5.862544552550255321e+04
5.862583860304002883e+04
5.862623168057750445e+04
5.862662475811497279e+04
5.862701783565244841e+04
5.862741091318991676e+04
5.862780399072739237e+04
5.862817968750000000e+04
5.862818359375000000e+04
5.862818750000000000e+04
5.862819706826486799e+04
5.862859014580233634e+04
5.862877734375000000e+04
5.862878125000000000e+04
5.862878515625000000e+04
5.862898322333981196e+04
5.862918359375000000e+04
5.862918750000000000e+04
5.862919140625000000e+04
5.862937630087728030e+04
5.862976937841475592e+04
5.863016245595223154e+04
5.863018359375000000e+04
5.863018750000000000e+04
5.863055553348969988e+04
5.863094861102717550e+04
5.863118750000000000e+04
5.863134168856464385e+04
5.863173476610211947e+04
5.863212784363958781e+04
5.863252092117706343e+04
5.863291399871453905e+04
5.863330707625200739e+04
5.863370015378948301e+04
5.863409323132695135e+04
5.863419921875000000e+04
5.863420312500000000e+04
5.863420703125000000e+04
5.863448630886442697e+04
5.863487938640190259e+04
5.863517968750000000e+04
5.863518359375000000e+04
5.863518750000000000e+04
5.863527246393937094e+04
5.863566554147684656e+04
5.863605861901431490e+04
5.863645169655179052e+04
5.863684477408926614e+04
5.863717968750000000e+04
5.863718359375000000e+04
5.863723785162673448e+04
5.863763092916421010e+04
5.863802400670167845e+04
5.863817968750000000e+04
5.863818359375000000e+04
5.863841708423915406e+04
5.863881016177662241e+04
5.863920323931409803e+04
5.863959631685157365e+04
5.863998939438904199e+04
5.864017187500000000e+04
5.864017578125000000e+04
5.864017968750000000e+04
5.864038247192651761e+04
5.864077554946398595e+04
5.864101562500000000e+04
5.864101953125000000e+04
5.864102343750000000e+04
5.864116862700146157e+04
5.864156170453893719e+04
5.864195478207640554e+04
5.864234785961388116e+04
5.864274093715134950e+04
5.864313401468882512e+04
5.864352709222630074e+04
5.864392016976376908e+04
5.864431324730124470e+04
5.864470632483871304e+04
5.864509940237618866e+04
5.864549247991365701e+04
5.864588555745113263e+04
5.864627863498860825e+04
5.864667171252607659e+04
5.864700390625000000e+04
5.864700781250000000e+04
5.864706479006355221e+04
5.864745786760102055e+04
5.864785094513849617e+04
5.864824402267597179e+04
5.864863710021344014e+04
5.864903017775091575e+04
5.864942325528838410e+04
5.864981633282585972e+04
5.865020941036332806e+04
5.865060248790080368e+04
5.865099556543827930e+04
5.865138864297574764e+04
5.865178172051322326e+04
5.865217479805069161e+04
5.865256787558816723e+04
5.865296095312564285e+04
5.865297851562500000e+04
5.865298242187500000e+04
5.865298632812500000e+04
5.865335403066311119e+04
5.865374710820058681e+04
5.865414018573805515e+04
5.865453326327553077e+04
5.865492634081300639e+04
5.865531941835047473e+04
5.865571249588795035e+04
5.865610557342541870e+04
5.865649865096289432e+04
5.865689172850036266e+04
5.865728480603783828e+04
5.865767788357531390e+04
5.865807096111278224e+04
5.865846403865025786e+04
5.865885711618772621e+04
5.865925019372520183e+04
5.865964327126267744e+04
5.866003634880014579e+04
5.866042942633762141e+04
5.866082250387508975e+04
5.866121558141256537e+04
5.866160865895004099e+04
5.866200173648750933e+04
5.866239481402498495e+04
5.866278789156245330e+04
5.866318096909992892e+04
5.866357404663739726e+04
5.866396712417487288e+04
5.866436020171234850e+04
5.866475327924981684e+04
5.866514635678729246e+04
5.866553943432476080e+04
5.866593251186223642e+04
5.866609238425921649e+04
5.866632558939971204e+04
5.866671866693718039e+04
5.866711174447465601e+04
5.866750482201212435e+04
5.866789789954959997e+04
5.866829097708707559e+04
5.866868405462454393e+04
5.866907713216201955e+04
5.866947020969948790e+04
5.866986328723696352e+04
5.867025636477443186e+04
5.867064944231190748e+04
5.867104251984938310e+04
5.867143559738685144e+04
5.867182867492432706e+04
5.867207153935171664e+04
5.867222175246179540e+04
5.867261482999927102e+04
5.867300790753674664e+04
5.867340098507421499e+04
5.867379406261169061e+04
5.867418714014915895e+04
5.867458021768663457e+04
5.867497329522411019e+04
5.867536637276157853e+04
5.867575945029905415e+04
5.867615252783652249e+04
5.867654560537399811e+04
5.867693868291146646e+04
5.867733176044894208e+04
5.867772483798641770e+04
5.867811791552388604e+04
5.867851099306136166e+04
5.867890407059883000e+04
5.867929714813630562e+04
5.867969022567378124e+04
5.868008330321124959e+04
5.868047638074872521e+04
5.868086945828619355e+04
5.868126253582366917e+04
5.868165561336114479e+04
5.868204869089861313e+04
5.868244176843608875e+04
5.868283484597355709e+04
5.868322792351103271e+04
5.868362100104850106e+04
5.868401407858597668e+04
5.868440715612345230e+04
5.868480023366092064e+04
5.868519331119839626e+04
5.868558638873586460e+04
5.868597946627334022e+04
5.868637254381081584e+04
5.868676562134828418e+04
5.868715869888575980e+04
5.868755177642322815e+04
5.868794485396070377e+04
5.868833793149817939e+04
5.868873100903564773e+04
5.868912408657312335e+04
5.868951716411059169e+04
5.868991024164806731e+04
5.869030331918553566e+04
5.869069639672301128e+04
5.869108947426048690e+04
5.869148255179795524e+04
5.869187562933543086e+04
5.869226870687289920e+04
5.869266178441037482e+04
5.869305486194785044e+04
5.869344793948531878e+04
5.869384101702279440e+04
5.869423409456026275e+04
5.869462717209773837e+04
5.869502024963521399e+04
5.869541332717268233e+04
5.869580640471015795e+04
5.869619948224762629e+04
5.869659255978510191e+04
5.869698563732257026e+04
5.869737871486004587e+04
5.869777179239752149e+04
5.869816486993498984e+04
5.869855794747246546e+04
5.869895102500993380e+04
5.869934410254740942e+04
5.869973718008488504e+04
5.870013025762235338e+04
5.870052333515982900e+04
5.870091641269729735e+04
5.870130949023477297e+04
5.870170256777224131e+04
5.870209564530971693e+04
5.870248872284719255e+04
5.870288180038466089e+04
5.870327487792213651e+04
5.870366795545960485e+04
5.870406103299708047e+04
5.870445411053455609e+04
5.870484718807202444e+04
5.870524026560950006e+04
5.870563334314696840e+04
5.870602642068444402e+04
5.870641949822191964e+04
5.870681257575938798e+04
5.870720565329686360e+04
5.870759873083433195e+04
5.870799180837180756e+04
5.870838488590927591e+04
5.870877796344675153e+04
5.870917104098422715e+04
5.870956411852169549e+04
5.870995719605917111e+04
5.871035027359663945e+04
5.871074335113411507e+04
5.871113642867159069e+04
5.871152950620905904e+04
5.871192258374653466e+04
5.871231566128400300e+04
5.871270873882147862e+04
5.871310181635895424e+04
5.871349489389642258e+04
5.871388797143389820e+04
5.871428104897136654e+04
5.871467412650884216e+04
5.871506720404631051e+04
5.871546028158378613e+04
5.871585335912126175e+04
5.871624643665873009e+04
5.871663951419620571e+04
5.871703259173367405e+04
5.871742566927114967e+04
5.871781874680862529e+04
5.871821182434609364e+04
5.871860490188356926e+04
5.871899797942103760e+04
5.871939105695851322e+04
5.871978413449598884e+04
5.872017721203345718e+04
5.872057028957093280e+04
5.872096336710840114e+04
5.872135644464587676e+04
5.872174952218334511e+04
5.872214259972082073e+04
5.872253567725829635e+04
5.872292875479576469e+04
5.872332183233324031e+04
5.872371490987070865e+04
5.872410798740818427e+04
5.872450106494565989e+04
5.872489414248312823e+04
5.872528722002060385e+04
5.872568029755807220e+04
5.872607337509554782e+04
5.872646645263302344e+04
5.872685953017049178e+04
5.872725260770796740e+04
5.872764568524543574e+04
5.872803876278291136e+04
5.872843184032037971e+04
5.872882491785785533e+04
5.872921799539533095e+04
5.872961107293279929e+04
5.873000415047027491e+04
5.873039722800774325e+04
5.873079030554521887e+04
5.873118338308269449e+04
5.873157646062016283e+04
5.873196953815763845e+04
5.873236261569510680e+04
5.873275569323258242e+04
5.873314877077005804e+04
5.873354184830752638e+04
5.873393492584500200e+04
5.873432800338247034e+04
5.873472108091994596e+04
5.873511415845741431e+04
5.873550723599488992e+04
5.873590031353236554e+04
5.873629339106983389e+04
5.873668646860730951e+04
5.873707954614477785e+04
5.873747262368225347e+04
5.873786570121972909e+04
5.873825877875719743e+04
5.873865185629467305e+04
5.873904493383214140e+04
5.873943801136961702e+04
5.873983108890709264e+04
5.874022416644456098e+04
5.874061724398203660e+04
5.874101032151950494e+04
5.874140339905698056e+04
5.874179647659444890e+04
5.874218955413192452e+04
5.874258263166940014e+04
5.874297570920686849e+04
5.874336878674434411e+04
5.874376186428181245e+04
5.874415494181928807e+04
5.874454801935676369e+04
5.874494109689423203e+04
5.874533417443170765e+04
5.874572725196917600e+04
5.874612032950665161e+04
5.874651340704412723e+04
5.874690648458159558e+04
5.874729956211907120e+04
5.874769263965653954e+04
5.874808571719401516e+04
5.874847879473148350e+04
5.874887187226895912e+04
5.874926494980643474e+04
5.874965802734390309e+04
5.875005110488137871e+04
5.875044418241884705e+04
5.875083725995632267e+04
5.875123033749379829e+04
5.875162341503126663e+04
5.875201649256874225e+04
5.875240957010621059e+04
5.875280264764368621e+04
5.875319572518115456e+04
5.875358880271863018e+04
5.875398188025610580e+04
5.875437495779357414e+04
5.875476803533104976e+04
5.875516111286851810e+04
5.875555419040599372e+04
5.875594726794346934e+04
5.875634034548093769e+04
5.875673342301841330e+04
5.875712650055588165e+04
5.875751957809335727e+04
5.875791265563083289e+04
5.875830573316830123e+04
5.875869881070577685e+04
5.875909188824324519e+04
5.875948496578072081e+04
5.875987804331818916e+04
5.876027112085566478e+04
5.876066419839314040e+04
5.876105727593060874e+04
5.876145035346808436e+04
5.876184343100555270e+04
5.876223650854302832e+04
5.876262958608050394e+04
5.876302266361797228e+04
5.876341574115544790e+04
5.876380881869291625e+04
5.876420189623039187e+04
5.876459497376786749e+04
5.876498805130533583e+04
5.876538112884281145e+04
5.876577420638027979e+04
5.876616728391775541e+04
5.876656036145522376e+04
5.876695343899269938e+04
5.876734651653017499e+04
5.876773959406764334e+04
5.876813267160511896e+04
5.876852574914258730e+04
5.876891882668006292e+04
5.876931190421753854e+04
5.876970498175500688e+04
5.877009805929248250e+04
5.877049113682995085e+04
5.877088421436742647e+04
5.877127729190490209e+04
5.877167036944237043e+04
5.877206344697984605e+04
5.877245652451731439e+04
5.877284960205479001e+04
5.877324267959225836e+04
5.877363575712973397e+04
5.877402883466720959e+04
5.877442191220467794e+04
5.877481498974215356e+04
5.877520806727962190e+04
5.877560114481709752e+04
5.877599422235457314e+04
5.877638729989204148e+04
5.877678037742951710e+04
5.877717345496698545e+04
5.877756653250446107e+04
5.877795961004193668e+04
5.877835268757940503e+04
5.877874576511688065e+04
5.877913884265434899e+04
5.877953192019182461e+04
5.877992499772929295e+04
5.878031807526676857e+04
5.878071115280424419e+04
5.878110423034171254e+04
5.878149730787918816e+04
5.878189038541665650e+04
5.878228346295413212e+04
5.878267654049160774e+04
5.878306961802907608e+04
5.878346269556655170e+04
5.878385577310402005e+04
5.878424885064149566e+04
5.878464192817897128e+04
5.878503500571643963e+04
5.878542808325391525e+04
5.878582116079138359e+04
5.878621423832885921e+04
5.878660731586632755e+04
5.878700039340380317e+04
5.878739347094127879e+04
5.878778654847874714e+04
5.878817962601622276e+04
5.878857270355369110e+04
5.878896578109116672e+04
5.878935885862864234e+04
5.878975193616611068e+04
5.879014501370358630e+04
5.879053809124105464e+04
5.879093116877853026e+04
5.879132424631600588e+04
5.879171732385347423e+04
5.879211040139094985e+04
5.879250347892841819e+04
5.879289655646589381e+04
5.879328963400336215e+04
5.879368271154083777e+04
5.879407578907831339e+04
5.879446886661578174e+04
5.879486194415325735e+04
5.879525502169072570e+04
5.879564809922820132e+04
5.879604117676567694e+04
5.879643425430314528e+04
5.879682733184062090e+04
5.879722040937808924e+04
5.879761348691556486e+04
5.879800656445304048e+04
5.879839964199050883e+04
5.879879271952798445e+04
5.879918579706545279e+04
5.879957887460292841e+04
5.879997195214039675e+04
5.880036502967787237e+04
5.880075810721534799e+04
5.880115118475281633e+04
5.880154426229029195e+04
5.880193733982776030e+04
5.880233041736523592e+04
5.880272349490271154e+04
5.880311657244017988e+04
5.880350964997765550e+04
5.880390272751512384e+04
5.880429580505259946e+04
5.880468888259006781e+04
5.880508196012754343e+04
5.880547503766501904e+04
5.880586811520248739e+04
5.880626119273996301e+04
5.880665427027743135e+04
5.880704734781490697e+04
5.880744042535238259e+04
5.880783350288985093e+04
5.880822658042732655e+04
5.880861965796479490e+04
5.880901273550227052e+04
5.880940581303974614e+04
5.880979889057721448e+04
5.881019196811469010e+04
5.881058504565215844e+04
5.881097812318963406e+04
5.881137120072710240e+04
5.881176427826457802e+04
5.881215735580205364e+04
5.881255043333952199e+04
5.881294351087699761e+04
5.881333658841446595e+04
5.881372966595194157e+04
5.881412274348941719e+04
5.881451582102688553e+04
5.881490889856436115e+04
5.881530197610182950e+04
5.881569505363930512e+04
5.881608813117678073e+04
5.881648120871424908e+04
5.881687428625172470e+04
5.881726736378919304e+04
5.881766044132666866e+04
5.881805351886413700e+04
5.881844659640161262e+04
5.881883967393908824e+04
5.881923275147655659e+04
5.881962582901403221e+04
5.882001890655150055e+04
5.882041198408897617e+04
5.882080506162645179e+04
5.882119813916392013e+04
5.882159121670139575e+04
5.882198429423886409e+04
5.882237737177633971e+04
5.882277044931381533e+04
5.882316352685128368e+04
5.882355660438875930e+04
5.882394968192622764e+04
5.882434275946370326e+04
5.882473583700117160e+04
5.882512891453864722e+04
5.882552199207612284e+04
5.882591506961359119e+04
5.882630814715106681e+04
5.882670122468853515e+04
5.882709430222601077e+04
5.882748737976348639e+04
5.882788045730095473e+04
5.882827353483843035e+04
5.882866661237589869e+04
5.882905968991337431e+04
5.882945276745084993e+04
5.882984584498831828e+04
5.883023892252579390e+04
5.883063200006326224e+04
5.883102507760073786e+04
5.883141815513820620e+04
5.883181123267568182e+04
5.883220431021315744e+04
5.883259738775062578e+04
5.883299046528810140e+04
5.883338354282556975e+04
5.883377662036304537e+04
5.883416969790052099e+04
5.883456277543798933e+04
5.883495585297546495e+04
5.883534893051293329e+04
5.883574200805040891e+04
5.883613508558788453e+04
5.883652816312535288e+04
5.883692124066282850e+04
5.883731431820029684e+04
5.883770739573777246e+04
5.883810047327524080e+04
5.883849355081271642e+04
5.883888662835019204e+04
5.883927970588766038e+04
5.883967278342513600e+04
5.884006586096260435e+04
5.884045893850007997e+04
5.884085201603755559e+04
5.884124509357502393e+04
5.884163817111249955e+04
5.884203124864996789e+04
5.884242432618744351e+04
5.884281740372491913e+04
5.884321048126238747e+04
5.884360355879986309e+04
5.884399663633733144e+04
5.884438971387480706e+04
5.884478279141227540e+04
5.884517586894975102e+04
5.884556894648722664e+04
5.884596202402469498e+04
5.884635510156217060e+04
5.884674817909963895e+04
5.884714125663711457e+04
5.884753433417459019e+04
5.884792741171205853e+04
5.884832048924953415e+04
5.884871356678700249e+04
5.884910664432447811e+04
5.884949972186195373e+04
5.884989279939942207e+04
5.885028587693689769e+04
5.885067895447436604e+04
5.885107203201184166e+04
5.885146510954931000e+04
5.885185818708678562e+04
5.885225126462426124e+04
5.885264434216172958e+04
5.885303741969920520e+04
5.885343049723667355e+04
5.885382357477414917e+04
5.885421665231162478e+04
5.885460972984909313e+04
5.885500280738656875e+04
5.885539588492403709e+04
5.885578896246151271e+04
5.885618203999898105e+04
5.885657511753645667e+04
5.885696819507393229e+04
5.885736127261140064e+04
5.885775435014887626e+04
5.885814742768634460e+04
5.885854050522382022e+04
5.885893358276129584e+04
5.885932666029876418e+04
5.885971973783623980e+04
5.886011281537370814e+04
5.886050589291118376e+04
5.886089897044865938e+04
5.886129204798612773e+04
5.886168512552360335e+04
5.886207820306107169e+04
5.886247128059854731e+04
5.886286435813601565e+04
5.886325743567349127e+04
5.886365051321096689e+04
5.886404359074843524e+04
5.886443666828591086e+04
5.886482974582337920e+04
5.886522282336085482e+04
5.886561590089833044e+04
5.886600897843579878e+04
5.886640205597327440e+04
5.886679513351074274e+04
5.886718821104821836e+04
5.886758128858569398e+04
5.886797436612316233e+04
5.886836744366063795e+04
5.886876052119810629e+04
5.886915359873558191e+04
5.886954667627305025e+04
5.886993975381052587e+04
5.887033283134800149e+04
5.887072590888546983e+04
5.887111898642294545e+04
5.887151206396041380e+04
5.887190514149788942e+04
5.887229821903536504e+04
5.887269129657283338e+04
5.887308437411030900e+04
5.887347745164777734e+04
5.887387052918525296e+04
5.887426360672272858e+04
5.887465668426019693e+04
5.887504976179767255e+04
5.887544283933514089e+04
5.887583591687261651e+04
5.887622899441008485e+04
5.887662207194756047e+04
5.887701514948503609e+04
5.887740822702250443e+04
5.887780130455998005e+04
5.887819438209744840e+04
5.887858745963492402e+04
5.887898053717239964e+04
5.887937361470986798e+04
5.887976669224734360e+04
5.888015976978481194e+04
5.888055284732228756e+04
5.888094592485976318e+04
5.888133900239723152e+04
5.888173207993470714e+04
5.888212515747217549e+04
5.888251823500965111e+04
5.888291131254711945e+04
5.888330439008459507e+04
5.888369746762207069e+04
5.888409054515953903e+04
5.888448362269701465e+04
5.888487670023448300e+04
5.888526977777195862e+04
5.888566285530943424e+04
5.888605593284690258e+04
5.888644901038437820e+04
5.888684208792184654e+04
5.888723516545932216e+04
5.888762824299679778e+04
5.888802132053426612e+04
5.888841439807174174e+04
5.888880747560921009e+04
5.888920055314668571e+04
5.888959363068415405e+04
5.888998670822162967e+04
5.889037978575910529e+04
5.889077286329657363e+04
5.889116594083404925e+04
5.889155901837151760e+04
5.889195209590899321e+04
5.889234517344646883e+04
5.889273825098393718e+04
5.889313132852141280e+04
5.889352440605888114e+04
5.889391748359635676e+04
5.889431056113383238e+04
5.889470363867130072e+04
5.889509671620877634e+04
5.889548979374624469e+04
5.889588287128372031e+04
5.889627594882118865e+04
5.889666902635866427e+04
5.889706210389613989e+04
5.889745518143360823e+04
5.889784825897108385e+04
5.889824133650855219e+04
5.889863441404602781e+04
5.889902749158350343e+04
5.889942056912097178e+04
5.889981364665844740e+04
5.890020672419591574e+04
5.890059980173339136e+04
5.890099287927086698e+04
5.890138595680833532e+04
5.890177903434581094e+04
5.890217211188327929e+04
5.890256518942075490e+04
5.890295826695822325e+04
5.890335134449569887e+04
5.890374442203317449e+04
5.890413749957064283e+04
5.890453057710811845e+04
5.890492365464558679e+04
5.890531673218306241e+04
5.890570980972053803e+04
5.890610288725800638e+04
5.890649596479548200e+04
5.890688904233295034e+04
5.890728211987042596e+04
5.890767519740789430e+04
5.890806827494536992e+04
5.890846135248284554e+04
5.890885443002031388e+04
5.890924750755778950e+04
5.890964058509525785e+04
5.891003366263273347e+04
5.891042674017020909e+04
5.891081981770767743e+04
5.891121289524515305e+04
5.891160597278262139e+04
5.891199905032009701e+04
5.891239212785757263e+04
5.891278520539504098e+04
5.891317828293251659e+04
5.891357136046998494e+04
5.891396443800746056e+04
5.891435751554492890e+04
5.891475059308240452e+04
5.891514367061988014e+04
5.891553674815734848e+04
5.891592982569482410e+04
5.891632290323229245e+04
5.891671598076976807e+04
5.891710905830724369e+04
5.891750213584471203e+04
5.891789521338218765e+04
5.891828829091965599e+04
5.891868136845713161e+04
5.891907444599460723e+04
5.891946752353207557e+04
5.891986060106955119e+04
5.892025367860701954e+04
5.892064675614449516e+04
5.892103983368196350e+04
5.892143291121943912e+04
5.892182598875691474e+04
5.892221906629438308e+04
5.892261214383185870e+04
5.892300522136932705e+04
5.892339829890680267e+04
5.892379137644427828e+04
5.892418445398174663e+04
5.892457753151922225e+04
5.892497060905669059e+04
5.892536368659416621e+04
5.892575676413164183e+04
5.892614984166911017e+04
5.892654291920658579e+04
5.892693599674405414e+04
5.892732907428152976e+04
5.892772215181899810e+04
5.892811522935647372e+04
5.892850830689394934e+04
5.892890138443141768e+04
5.892929446196889330e+04
5.892968753950636165e+04
5.893008061704383726e+04
5.893047369458131288e+04
5.893086677211878123e+04
5.893125984965625685e+04
5.893165292719372519e+04
5.893204600473120081e+04
5.893243908226867643e+04
5.893283215980614477e+04
5.893322523734362039e+04
5.893361831488108874e+04
5.893401139241856436e+04
5.893440446995603270e+04
5.893479754749350832e+04
5.893519062503098394e+04
5.893558370256845228e+04
5.893597678010592790e+04
5.893636985764339624e+04
5.893676293518087186e+04
5.893715601271834748e+04
5.893754909025581583e+04
5.893794216779329145e+04
5.893833524533075979e+04
5.893872832286823541e+04
5.893912140040571103e+04
5.893951447794317937e+04
5.893990755548065499e+04
5.894030063301812334e+04
5.894069371055559895e+04
5.894108678809306730e+04
5.894147986563054292e+04
5.894187294316801854e+04
5.894226602070548688e+04
5.894265909824296250e+04
5.894305217578043084e+04
5.894344525331790646e+04
5.894383833085538208e+04
5.894423140839285043e+04
5.894462448593032605e+04
5.894501756346779439e+04
5.894541064100527001e+04
5.894580371854274563e+04
5.894619679608021397e+04
5.894658987361768959e+04
5.894698295115515793e+04
5.894737602869263355e+04
5.894776910623010190e+04
5.894816218376757752e+04
5.894855526130505314e+04
5.894894833884252148e+04
5.894934141637999710e+04
5.894973449391746544e+04
5.895012757145494106e+04
5.895052064899241668e+04
5.895091372652988503e+04
5.895130680406736064e+04
5.895169988160482899e+04
5.895209295914230461e+04
5.895248603667978023e+04
5.895287911421724857e+04
5.895327219175472419e+04
5.895366526929219253e+04
5.895405834682966815e+04
5.895445142436713650e+04
5.895484450190461212e+04
5.895523757944208774e+04
5.895563065697955608e+04
5.895602373451703170e+04
5.895641681205450004e+04
5.895680988959197566e+04
5.895720296712945128e+04
5.895759604466691962e+04
5.895798912220439524e+04
5.895838219974186359e+04
5.895877527727933921e+04
5.895916835481680755e+04
5.895956143235428317e+04
5.895995450989175879e+04
5.896034758742922713e+04
5.896074066496670275e+04
5.896113374250417110e+04
5.896152682004164672e+04
5.896191989757912233e+04
5.896231297511659068e+04
5.896270605265406630e+04
5.896309913019153464e+04
5.896349220772901026e+04
5.896388528526648588e+04
5.896427836280395422e+04
5.896467144034142984e+04
5.896506451787889819e+04
5.896545759541637381e+04
5.896585067295384215e+04
5.896624375049131777e+04
5.896663682802879339e+04
5.896702990556626173e+04
5.896742298310373735e+04
5.896781606064120569e+04
5.896820913817868131e+04
5.896860221571615693e+04
5.896899529325362528e+04
5.896938837079110090e+04
5.896978144832856924e+04
5.897017452586604486e+04
5.897056760340352048e+04
5.897096068094098882e+04
5.897135375847846444e+04
5.897174683601593279e+04
5.897213991355340841e+04
5.897253299109087675e+04
5.897292606862835237e+04
5.897331914616582799e+04
5.897371222370329633e+04
5.897410530124077195e+04
5.897449837877824029e+04
5.897489145631571591e+04
5.897528453385319153e+04
5.897567761139065988e+04
5.897607068892813550e+04
5.897646376646560384e+04
5.897685684400307946e+04
5.897724992154055508e+04
5.897764299907802342e+04
5.897803607661549904e+04
5.897842915415296739e+04
5.897882223169044300e+04
5.897921530922791135e+04
5.897960838676538697e+04
5.898000146430286259e+04
5.898039454184033093e+04
5.898078761937780655e+04
5.898118069691527489e+04
5.898157377445275051e+04
5.898196685199022613e+04
5.898235992952769448e+04
5.898275300706517010e+04
5.898314608460263844e+04
5.898353916214011406e+04
5.898393223967758968e+04
5.898432531721505802e+04
5.898471839475253364e+04
5.898511147229000198e+04
5.898550454982747760e+04
5.898589762736494595e+04
5.898629070490242157e+04
5.898668378243989719e+04
5.898707685997736553e+04
5.898746993751484115e+04
5.898786301505230949e+04
5.898825609258978511e+04
5.898864917012726073e+04
5.898904224766472908e+04
5.898943532520220469e+04
5.898982840273967304e+04
5.899022148027714866e+04
5.899061455781462428e+04
5.899100763535209262e+04
5.899124240740761161e+04
5.899140071288956824e+04
5.899179379042703658e+04
5.899218686796451220e+04
5.899257994550198055e+04
5.899297302303945617e+04
5.899336610057693179e+04
5.899375917811440013e+04
5.899415225565187575e+04
5.899454533318934409e+04
5.899493841072681971e+04
5.899533148826429533e+04
5.899572456580176367e+04
5.899611764333923929e+04
5.899651072087670764e+04
5.899690379841418326e+04
5.899729687595165888e+04
5.899768995348912722e+04
5.899808303102660284e+04
5.899847610856407118e+04
5.899886918610154680e+04
5.899926226363901515e+04
5.899965534117649077e+04
5.900004841871396638e+04
5.900044149625143473e+04
5.900083457378891035e+04
5.900122765132637869e+04
5.900162072886385431e+04
5.900201380640132993e+04
5.900240688393879827e+04
5.900279996147627389e+04
5.900319303901374224e+04
5.900358611655121786e+04
5.900397919408869348e+04
5.900437227162616182e+04
5.900476534916363744e+04
5.900515842670110578e+04
5.900555150423858140e+04
5.900594458177604974e+04
5.900633765931352536e+04
5.900673073685100098e+04
5.900712381438846933e+04
5.900751689192594495e+04
5.900790996946341329e+04
5.900830304700088891e+04
5.900869612453836453e+04
5.900908920207583287e+04
5.900948227961330849e+04
5.900987535715077684e+04
5.901026843468825246e+04
5.901066151222572080e+04
5.901105458976319642e+04
5.901144766730067204e+04
5.901184074483814038e+04
5.901223382237561600e+04
5.901262689991308434e+04
5.901301997745055996e+04
5.901341305498803558e+04
5.901380613252550393e+04
5.901419921006297955e+04
5.901459228760044789e+04
5.901498536513792351e+04
5.901537844267539913e+04
5.901577152021286747e+04
5.901616459775034309e+04
5.901655767528781143e+04
5.901695075282528705e+04
5.901734383036275540e+04
5.901773690790023102e+04
5.901812998543770664e+04
5.901852306297517498e+04
5.901891614051265060e+04
5.901930921805011894e+04
5.901970229558759456e+04
5.902009537312507018e+04
5.902048845066253853e+04
5.902088152820001415e+04
5.902127460573748249e+04
5.902166768327495811e+04
5.902206076081243373e+04
5.902245383834990207e+04
5.902284691588737769e+04
5.902323999342484603e+04
5.902363307096232165e+04
5.902402614849979000e+04
5.902441922603726562e+04
5.902481230357474124e+04
5.902520538111220958e+04
5.902559845864968520e+04
5.902599153618715354e+04
5.902638461372462916e+04
5.902677769126210478e+04
5.902717076879957312e+04
5.902756384633704874e+04
5.902795692387451709e+04
5.902835000141199271e+04
5.902874307894946833e+04
5.902913615648693667e+04
5.902952923402441229e+04
5.902992231156188063e+04
5.903031538909935625e+04
5.903070846663682460e+04
5.903110154417430022e+04
5.903149462171177584e+04
5.903188769924924418e+04
5.903228077678671980e+04
5.903267385432418814e+04
5.903306693186166376e+04
5.903346000939913938e+04
5.903385308693660772e+04
5.903424616447408334e+04
5.903463924201155169e+04
5.903503231954902731e+04
5.903542539708650293e+04
5.903581847462397127e+04
5.903621155216144689e+04
5.903660462969891523e+04
5.903699770723639085e+04
5.903739078477385920e+04
5.903778386231133481e+04
5.903817693984881043e+04
5.903857001738627878e+04
5.903896309492375440e+04
5.903935617246122274e+04
5.903974924999869836e+04
5.904014232753617398e+04
5.904053540507364232e+04
5.904092848261111794e+04
5.904132156014858629e+04
5.904171463768606191e+04
5.904210771522353753e+04
5.904250079276100587e+04
5.904289387029848149e+04
5.904328694783594983e+04
5.904368002537342545e+04
5.904407310291089379e+04
5.904446618044836941e+04
5.904485925798584503e+04
5.904525233552331338e+04
5.904564541306078900e+04
5.904603849059825734e+04
5.904643156813573296e+04
5.904682464567320858e+04
5.904721772321067692e+04
5.904761080074815254e+04
5.904800387828562089e+04
5.904839695582309650e+04
5.904879003336057212e+04
5.904918311089804047e+04
5.904957618843551609e+04
5.904996926597298443e+04
5.905036234351046005e+04
5.905075542104792839e+04
5.905114849858540401e+04
5.905154157612287963e+04
5.905193465366034798e+04
5.905232773119782360e+04
5.905272080873529194e+04
5.905311388627276756e+04
5.905350696381024318e+04
5.905390004134771152e+04
5.905429311888518714e+04
5.905468619642265548e+04
5.905507927396013110e+04
5.905547235149760672e+04
5.905586542903507507e+04
5.905625850657255069e+04
5.905665158411001903e+04
5.905704466164749465e+04
5.905743773918496299e+04
5.905783081672243861e+04
5.905822389425991423e+04
5.905861697179738258e+04
5.905901004933485819e+04
5.905940312687232654e+04
5.905979620440980216e+04
5.906018928194727778e+04
5.906058235948474612e+04
5.906097543702222174e+04
5.906136851455969008e+04
5.906176159209716570e+04
5.906215466963463405e+04
5.906254774717210967e+04
5.906294082470958529e+04
5.906333390224705363e+04
5.906372697978452925e+04
5.906412005732199759e+04
5.906451313485947321e+04
5.906490621239694883e+04
5.906529928993441717e+04
5.906569236747189279e+04
5.906608544500936114e+04
5.906647852254683676e+04
5.906687160008431238e+04
5.906726467762178072e+04
5.906765775515925634e+04
5.906805083269672468e+04
5.906844391023420030e+04
5.906883698777166865e+04
5.906923006530914427e+04
5.906962314284661988e+04
5.907001622038408823e+04
5.907040929792156385e+04
5.907080237545903219e+04
5.907119545299650781e+04
5.907158853053398343e+04
5.907198160807145177e+04
5.907237468560892739e+04
5.907276776314639574e+04
5.907316084068387136e+04
5.907355391822134698e+04
5.907394699575881532e+04
5.907434007329629094e+04
5.907473315083375928e+04
5.907512622837123490e+04
5.907551930590870325e+04
5.907591238344617886e+04
5.907630546098365448e+04
5.907669853852112283e+04
5.907709161605859845e+04
5.907748469359606679e+04
5.907787777113354241e+04
5.907827084867101803e+04
5.907866392620848637e+04
5.907905700374596199e+04
5.907945008128343034e+04
5.907984315882090596e+04
5.908023623635838157e+04
5.908062931389584992e+04
5.908102239143332554e+04
5.908141546897079388e+04
5.908180854650826950e+04
5.908220162404573784e+04
5.908259470158321346e+04
5.908298777912068908e+04
5.908338085665815743e+04
5.908377393419563305e+04
5.908416701173310139e+04
5.908456008927057701e+04
5.908495316680805263e+04
5.908534624434552097e+04
5.908573932188299659e+04
5.908613239942046494e+04
5.908652547695794055e+04
5.908691855449541617e+04
5.908731163203288452e+04
5.908770470957036014e+04
5.908809778710782848e+04
5.908849086464530410e+04
5.908888394218277244e+04
5.908927701972024806e+04
5.908967009725772368e+04
5.909006317479519203e+04
5.909045625233266765e+04
5.909084932987013599e+04
5.909124240740761161e+04
